  a      b      c      d      e      f      g      h      i      j      k      l      m      n      o      p      q      r      s      t      u      v      w      x      y      z      
a 1,0000 0,9991 0,9991 1,0000 0,9965 1,0000 1,0000 0,9982 0,9938 1,0000 0,9991 1,0000 1,0000 0,9991 0,8720 1,0000 1,0000 1,0000 0,9956 1,0000 0,9339 0,9991 1,0000 1,0000 1,0000 1,0000 
b 0,9939 1,0000 1,0000 1,0000 1,0000 0,9939 1,0000 0,9700 1,0000 1,0000 1,0000 1,0000 0,9939 0,9760 0,9939 0,9819 1,0000 1,0000 1,0000 0,9939 1,0000 0,9239 1,0000 1,0000 1,0000 0,9939 
c 0,9943 1,0000 1,0000 0,9943 0,9943 1,0000 0,9887 1,0000 1,0000 0,9831 0,5222 0,9943 1,0000 0,9943 1,0000 0,9943 1,0000 0,9943 0,6583 0,9129 1,0000 1,0000 1,0000 0,9943 1,0000 0,9501 
d 1,0000 0,9774 0,9967 1,0000 0,9967 0,9935 0,9967 0,9367 0,9967 0,9902 0,9967 0,9838 1,0000 1,0000 0,9902 0,9902 1,0000 1,0000 0,9902 0,9275 1,0000 1,0000 1,0000 1,0000 1,0000 0,9935 
e 0,9928 1,0000 0,9971 1,0000 1,0000 1,0000 1,0000 0,9986 0,9900 1,0000 1,0000 1,0000 1,0000 0,9986 0,9957 1,0000 1,0000 0,9971 1,0000 0,9971 0,9688 1,0000 1,0000 1,0000 0,9158 1,0000 
f 1,0000 0,9859 1,0000 0,9720 1,0000 1,0000 0,9859 0,9720 1,0000 1,0000 0,9859 0,9859 1,0000 1,0000 1,0000 0,9313 1,0000 1,0000 1,0000 0,9859 1,0000 0,9582 1,0000 1,0000 1,0000 0,9859 
g 1,0000 0,9951 0,9804 0,9951 1,0000 0,9951 1,0000 0,7996 1,0000 0,9659 0,8616 1,0000 1,0000 1,0000 1,0000 0,9901 0,8789 1,0000 1,0000 0,9951 0,9951 1,0000 1,0000 1,0000 0,9951 1,0000 
h 0,9955 0,9932 1,0000 0,9404 0,9977 0,9955 0,9108 1,0000 0,9170 0,9686 0,9909 0,9955 0,9977 0,9977 1,0000 1,0000 1,0000 0,9955 0,9909 0,9955 1,0000 1,0000 1,0000 0,9932 0,9909 0,9977 
i 0,9909 1,0000 1,0000 0,9987 0,9896 1,0000 1,0000 0,9515 1,0000 0,9209 1,0000 0,9806 1,0000 0,9987 0,9806 1,0000 1,0000 1,0000 0,9974 0,9961 0,9691 1,0000 1,0000 1,0000 0,3694 1,0000 
j 1,0000 1,0000 0,9268 0,9680 1,0000 1,0000 0,9369 0,8403 0,4239 1,0000 1,0000 0,9472 1,0000 0,9892 1,0000 1,0000 0,9892 1,0000 0,8588 1,0000 1,0000 1,0000 1,0000 0,9785 0,9680 0,9472 
k 0,9920 1,0000 0,5232 0,9841 1,0000 0,9960 0,9119 0,9802 1,0000 1,0000 1,0000 0,9684 0,9960 1,0000 1,0000 1,0000 0,8654 0,9960 1,0000 1,0000 1,0000 1,0000 1,0000 0,9762 0,9960 1,0000 
l 1,0000 1,0000 0,9973 0,9866 1,0000 0,9973 1,0000 0,9946 0,9759 0,9919 0,9759 1,0000 1,0000 0,9892 0,9973 1,0000 1,0000 0,9169 0,9946 0,9973 1,0000 0,9973 1,0000 1,0000 1,0000 1,0000 
m 1,0000 0,9973 1,0000 1,0000 1,0000 1,0000 1,0000 0,9973 1,0000 1,0000 0,9973 1,0000 1,0000 0,9006 1,0000 1,0000 0,9973 0,9918 0,9973 1,0000 1,0000 1,0000 1,0000 1,0000 1,0000 1,0000 
n 0,9980 0,9919 0,9980 0,9980 1,0000 1,0000 1,0000 0,9980 0,9980 0,9980 1,0000 0,9919 0,9334 1,0000 1,0000 1,0000 1,0000 0,9879 0,9939 1,0000 1,0000 0,9899 1,0000 1,0000 1,0000 1,0000 
o 0,9757 0,9981 1,0000 0,9943 0,9925 1,0000 1,0000 1,0000 0,9720 1,0000 1,0000 0,9981 1,0000 1,0000 1,0000 1,0000 1,0000 1,0000 1,0000 1,0000 0,2000 1,0000 1,0000 1,0000 0,9906 1,0000 
p 1,0000 0,9359 0,9868 0,9610 1,0000 0,9114 0,9739 1,0000 0,9868 1,0000 1,0000 1,0000 1,0000 1,0000 1,0000 1,0000 1,0000 1,0000 1,0000 0,9739 1,0000 1,0000 1,0000 1,0000 1,0000 1,0000 
q 1,0000 1,0000 0,9562 1,0000 1,0000 1,0000 0,2917 1,0000 1,0000 0,9562 0,2000 1,0000 0,9562 1,0000 1,0000 1,0000 1,0000 1,0000 1,0000 1,0000 1,0000 1,0000 0,9562 1,0000 1,0000 1,0000 
r 0,9977 0,9977 1,0000 1,0000 0,9955 1,0000 1,0000 0,9955 1,0000 1,0000 0,9977 0,9324 0,9933 0,9843 1,0000 1,0000 1,0000 1,0000 0,9910 0,9977 1,0000 0,9955 1,0000 1,0000 0,9977 1,0000 
s 0,9820 1,0000 0,7910 0,9897 1,0000 0,9974 1,0000 0,9719 0,9948 0,8781 1,0000 0,9845 0,9974 0,9922 1,0000 1,0000 1,0000 0,9922 1,0000 0,9948 0,9897 1,0000 1,0000 0,9871 1,0000 0,7586 
t 1,0000 0,9966 0,9126 0,9219 0,9933 0,9966 0,9933 0,9933 0,9933 1,0000 1,0000 0,9966 1,0000 0,9933 1,0000 0,9933 1,0000 0,9933 0,9933 1,0000 0,9966 0,9966 1,0000 1,0000 0,9966 0,9933 
u 0,8169 1,0000 1,0000 1,0000 1,0000 1,0000 0,9966 1,0000 0,9212 1,0000 1,0000 0,9932 1,0000 0,9932 0,2000 1,0000 1,0000 1,0000 0,9864 0,9966 1,0000 0,9307 0,9371 1,0000 0,9831 1,0000 
v 0,9963 0,9458 0,9963 1,0000 1,0000 0,9853 1,0000 1,0000 1,0000 1,0000 1,0000 0,9963 0,9963 0,9963 1,0000 1,0000 1,0000 0,9926 1,0000 0,9963 0,9181 1,0000 0,8240 1,0000 0,9816 1,0000 
w 1,0000 0,9731 1,0000 1,0000 1,0000 1,0000 1,0000 1,0000 1,0000 1,0000 1,0000 1,0000 1,0000 1,0000 1,0000 1,0000 0,9731 1,0000 1,0000 1,0000 0,5932 0,2342 1,0000 1,0000 1,0000 1,0000 
x 1,0000 1,0000 0,9068 1,0000 1,0000 1,0000 1,0000 0,7448 1,0000 0,9068 0,5532 1,0000 1,0000 1,0000 1,0000 1,0000 1,0000 1,0000 0,7448 1,0000 1,0000 1,0000 1,0000 1,0000 0,9068 1,0000 
y 0,9871 1,0000 1,0000 1,0000 1,0000 1,0000 0,9968 0,9871 0,2763 0,8471 0,9968 1,0000 1,0000 1,0000 0,9871 1,0000 1,0000 0,9968 1,0000 1,0000 0,9839 0,9839 1,0000 0,9968 1,0000 0,9968 
z 1,0000 0,9907 0,9369 0,9725 1,0000 0,9907 1,0000 0,9907 1,0000 0,9545 1,0000 1,0000 1,0000 1,0000 1,0000 1,0000 1,0000 1,0000 0,4157 0,9725 1,0000 1,0000 1,0000 1,0000 0,9907 1,0000 
