10243 10274
10244 10274
10245 10274
10247 10286
12300 12343
12300 12347
12300 12349
12300 12350
12300 12367
12300 12368
12300 12369
12300 12375
12300 12376
12300 12377
12300 12378
12300 12379
12300 12380
12300 12382
12300 12386
12300 12387
12300 12388
12300 12390
12300 12391
12300 12394
12300 12395
12300 12396
12300 12397
12300 12904
12300 12910
10256 10274
16913 16914
16913 16915
16913 16916
10274 10243
10274 10244
10274 10245
10274 10256
10274 11526
16422 15987
16424 15117
16425 15117
16425 16426
16425 16427
16425 16428
16426 16425
16427 16425
10284 10232
10286 10230
10286 10247
16434 12951
16435 12951
12343 12300
16440 15117
12347 12300
12349 12300
12350 12300
16450 16451
16451 16450
16452 4697
16452 17768
16452 17769
16452 17770
16456 16471
16460 16472
16462 16470
12367 12300
12368 12300
12369 12300
16467 16473
16468 16474
16469 16371
16470 16462
12375 12300
12376 12300
12377 12300
12378 12300
12379 12300
12380 12300
8890 8924
12382 12300
12386 12300
12387 12300
12388 12300
12390 12300
12391 12300
12988 12961
12988 12962
12988 12963
12988 12964
12988 12965
12988 12966
12988 12967
12988 12968
12988 12969
12988 12970
12988 12971
12988 12972
12988 12973
12988 12974
12988 12976
12988 16802
12394 12300
12395 12300
12396 12300
12397 12300
12989 12975
12989 12979
12989 12980
12989 16795
16496 16328
16496 16341
16497 16332
12990 12980
12990 12981
12990 12982
12990 16791
12990 16805
12991 12983
12991 12984
12991 16786
12991 16800
12992 12985
12992 12986
16515 16207
8897 8924
12995 12977
12995 16787
12995 16794
12995 16803
12439 11823
12439 11824
12441 11824
12444 11823
12445 11824
17097 17101
15050 15117
12480 17225
17099 15840
17099 16814
16580 16607
16580 16608
16580 16643
16581 16607
16582 16607
16582 16643
17100 15840
4303 4424
15395 12804
15396 12804
16607 16580
16607 16581
16607 16582
16608 16580
17787 13071
17787 13072
17787 13073
17787 17788
15057 15117
17788 13071
17788 13073
17788 17787
16620 16332
17789 4697
17448 17449
15401 12804
15403 12804
4358 4361
4358 4486
4358 4492
4358 6539
4359 4424
4361 4358
18135 12927
4364 4424
16955 16767
17672 17673
15068 15117
16778 16782
16778 16783
16778 16790
16778 16794
16778 16797
16778 16798
16778 16803
11317 16844
17120 17206
17120 17207
16779 16782
16779 16783
16779 16788
16779 16790
16779 16797
16779 16798
13366 13419
13366 13420
4424 4303
4424 4359
4424 4364
4424 4490
4424 4493
4424 4506
4424 6680
16727 16731
16731 16727
18153 12927
16765 16952
16765 16953
16765 16954
16767 16952
16767 16953
16767 16954
16767 16955
16767 16956
16768 16971
15424 12804
18155 12927
4486 4358
15425 12804
16776 16782
16776 16783
16776 16788
16776 16790
16776 16794
16776 16796
16776 16797
16776 16798
16776 16803
16777 12963
16777 16782
16777 16788
16777 16790
16777 16794
16777 16797
16777 16798
16777 16803
4490 4424
6539 4358
4492 4358
4493 4424
16782 16776
16782 16777
16782 16778
16782 16779
16783 16776
16783 16778
16783 16779
16784 12963
16784 12964
16784 16788
16786 12991
16787 12995
16788 16776
16788 16777
16788 16779
16788 16784
16789 16801
16790 16776
16790 16777
16790 16778
16790 16779
16791 12990
16792 16793
16792 16799
16793 12963
16793 12965
16793 12972
16793 12973
16793 16792
16793 16796
4506 4424
16795 12989
16796 16776
16796 16793
16796 16799
16794 12995
16794 16776
16794 16777
16794 16778
16798 16776
16798 16777
16798 16778
16798 16779
16799 16792
16799 16796
16799 16797
16800 12991
16801 16789
16802 12988
16803 12995
16803 16776
16803 16777
16803 16778
15426 12804
16805 12990
18154 12927
16814 16836
16814 16842
16814 16858
16814 17099
16797 16776
16797 16777
16797 16778
16797 16779
16797 16799
16817 16319
16818 16319
16819 16319
18223 4697
16836 16814
16837 15840
16837 16857
16838 15840
16839 15840
16840 15840
16841 15840
16841 16815
16842 16814
16843 16857
16844 10391
16844 11317
16844 16134
16844 16135
16854 16855
16854 16856
16855 16854
16856 16854
16857 16837
16857 16843
16858 16814
16859 15840
16860 16861
16861 16860
18224 4697
16867 16135
18156 12927
6636 15005
6636 15006
6636 15007
6636 15008
18157 12927
12804 15346
12804 15347
12804 15348
12804 15349
12804 15350
12804 15351
12804 15352
12804 15353
12804 15354
12804 15355
12804 15356
12804 15357
12804 15358
12804 15359
12804 15360
12804 15361
12804 15362
12804 15363
12804 15364
12804 15365
12804 15366
12804 15367
12804 15368
12804 15369
12804 15370
12804 15371
12804 15372
12804 15373
12804 15374
12804 15375
12804 15376
12804 15377
12804 15378
12804 15379
12804 15380
12804 15381
12804 15382
12804 15383
12804 15384
12804 15385
12804 15386
12804 15388
12804 15389
12804 15390
12804 15391
12804 15392
12804 15393
12804 15394
12804 15395
12804 15396
12804 15397
12804 15398
12804 15399
12804 15400
12804 15401
12804 15402
12804 15403
12804 15404
12804 15405
12804 15406
12804 15407
12804 15408
12804 15411
12804 15421
12804 15422
12804 15423
12804 15424
12804 15425
12804 15426
16901 16904
16901 16905
16901 16906
16903 16906
16904 16900
16904 16901
16905 16900
16905 16901
16906 16900
16906 16901
16906 16903
16471 16456
16472 16460
16914 16913
16915 16913
16916 15337
16916 16913
16473 16467
6680 4424
16815 16841
16815 17098
16474 16468
15453 12927
15454 12927
16952 16765
16952 16767
16953 16765
16953 16767
16954 16765
16954 16767
15455 12927
16956 16767
15456 12927
16966 16972
16968 16769
16969 16769
16971 16768
16972 16966
16974 16985
16974 16990
17165 7140
17165 17164
17507 17005
17507 17509
4696 17268
4697 16452
4697 17771
4697 17789
4697 18222
4697 18223
4697 18224
4697 18218
12891 12894
12891 12895
12892 12895
12892 12896
12894 12891
12895 12891
12895 12892
12896 12892
13072 17787
15462 12927
13073 17787
13073 17788
12904 12300
15463 12927
17005 17507
17005 17508
17005 17509
17005 17510
12910 12300
12927 15436
12927 15437
12927 15438
12927 15439
12927 15440
12927 15441
12927 15442
12927 15443
12927 15444
12927 15445
12927 15449
12927 15450
12927 15451
12927 15452
12927 15453
12927 15454
12927 15455
12927 15456
12927 15457
12927 15458
12927 15459
12927 15460
12927 15461
12927 15462
12927 15463
12927 15464
12927 15465
12927 15466
12927 15467
12927 15468
12927 15469
12927 15470
12927 15471
12927 15472
12927 15473
12927 15474
12927 15475
12927 15476
12927 15477
12927 15478
12927 15481
12927 15482
12927 17228
12927 17229
12927 18133
12927 18134
12927 18135
12927 18150
12927 18151
12927 18152
12927 18153
12927 18154
12927 18155
12927 18156
12927 18157
12927 18158
15467 12927
15468 12927
17034 17039
17034 17042
17036 17040
17036 17040
17037 17041
15469 12927
17040 17036
17040 17036
17040 17039
17041 17037
17041 17039
17042 17034
17042 17039
17043 17039
17044 17039
15470 12927
12951 16434
12951 16435
15001 15114
15001 15115
15001 15116
15001 15114
15001 15115
15001 15116
15005 6636
15006 6636
15006 15007
15006 15008
15007 6636
15007 15006
15008 6636
15008 15006
12961 12988
12962 12988
12963 12988
12963 16777
12963 16784
12963 16793
12964 12988
12964 16784
12965 12988
12965 16793
12966 12988
12967 12988
12968 12988
12969 12988
12970 12988
12971 12988
12972 12988
12972 16793
12973 12988
12973 16793
12974 12988
12975 12989
12976 12988
12977 12995
12979 12989
12980 12989
12980 12990
12981 12990
12982 12990
12983 12991
12984 12991
12985 12992
12986 12992
15036 15117
15037 15117
15038 15117
15039 15117
15040 15117
15041 15117
15042 15117
15043 15117
15044 15117
15045 15117
15046 15117
15047 15117
15048 15117
15049 15117
8906 8924
15051 15117
15052 15117
15053 15117
15054 15117
15055 15117
15056 15117
8913 8924
15058 15117
15059 15117
15060 15117
15061 15117
15062 15117
15063 15117
15064 15117
15065 15117
15066 15117
8924 8890
8924 8897
8924 8906
8924 8913
8924 10020
8924 10027
15070 15117
15071 15117
15072 15117
15073 15117
15074 15117
15075 15117
15076 15117
15077 15117
15078 15117
15079 15117
15080 15117
15081 15117
15082 15117
15083 15117
15084 15117
15085 15117
15086 15117
15087 15117
15088 15117
15089 15117
15090 15117
15091 15117
15092 15117
15093 15117
15094 15117
15095 15117
15102 15113
15106 13400
18219 18218
18219 18220
18219 18221
15108 13400
15110 13400
15111 13400
15113 15102
15114 15001
15114 15001
15115 15001
15115 15001
15116 15001
15116 15001
15117 15036
15117 15037
15117 15038
15117 15039
15117 15040
15117 15041
15117 15042
15117 15043
15117 15044
15117 15045
15117 15046
15117 15047
15117 15048
15117 15049
15117 15050
15117 15051
15117 15052
15117 15053
15117 15054
15117 15055
15117 15056
15117 15057
15117 15058
15117 15059
15117 15060
15117 15061
15117 15062
15117 15063
15117 15064
15117 15065
15117 15066
15117 15068
15117 15070
15117 15071
15117 15072
15117 15073
15117 15074
15117 15075
15117 15076
15117 15077
15117 15078
15117 15079
15117 15080
15117 15081
15117 15082
15117 15083
15117 15084
15117 15085
15117 15086
15117 15087
15117 15088
15117 15089
15117 15090
15117 15091
15117 15092
15117 15093
15117 15094
15117 15095
15117 15118
15117 15119
15117 15120
15117 15121
15117 15122
15117 15123
15117 15124
15117 15125
15117 15126
15117 15127
15117 15128
15117 15129
15117 15130
15117 15131
15117 15132
15117 15133
15117 15134
15117 15135
15117 15136
15117 15137
15117 15138
15117 15139
15117 15140
15117 15141
15117 15142
15117 15144
15117 15145
15117 15859
15117 15907
15117 15908
15117 15987
15117 16368
15117 16424
15117 16425
15117 16440
15118 15117
15119 15117
15120 15117
15121 15117
15122 15117
15123 15117
15124 15117
15125 15117
15126 15117
15127 15117
15128 15117
15129 15117
15130 15117
15131 15117
15132 15117
15133 15117
15134 15117
15135 15117
15136 15117
15137 15117
15138 15117
15139 15117
15140 15117
15141 15117
15142 15117
15144 15117
15145 15117
15146 15182
15146 15184
15146 15188
15495 15496
15495 15497
13109 15431
13109 15432
13109 15433
13109 15434
13109 15435
17206 17120
17207 17120
17213 15909
17214 15909
17216 16136
15169 13481
13124 13128
13125 13129
13128 13124
13129 13125
17228 12927
17229 12927
15182 13481
15182 15146
15184 13481
15184 15146
15186 13481
15187 13371
15188 15146
15189 13481
17246 17247
17247 17246
13170 17350
13170 17352
13170 17612
13170 17613
13170 17626
17268 4696
13173 15015
17270 7140
17270 17271
17271 17270
17271 17272
17272 7140
17272 17271
17272 17273
17273 17272
10391 16844
17312 17613
17314 17626
17322 17323
17323 17322
17164 7140
17164 17165
17224 16769
17225 12480
11197 11200
11200 11197
11200 11203
11200 11204
11203 11200
11204 11200
17350 13170
17352 13170
17230 11020
7140 17164
7140 17165
7140 17270
7140 17272
15337 13480
15337 16916
15342 13406
15342 15835
15343 15344
15344 15343
15528 15529
15346 12804
15347 12804
15348 12804
15349 12804
15350 12804
15351 12804
15352 12804
15353 12804
15354 12804
15355 12804
15356 12804
15357 12804
15358 12804
15359 12804
15360 12804
15361 12804
15362 12804
15363 12804
15364 12804
15365 12804
15366 12804
15367 12804
15368 12804
15369 12804
15370 12804
15371 12804
15372 12804
15373 12804
15374 12804
15375 12804
15376 12804
15377 12804
15378 12804
15379 12804
15380 12804
15381 12804
15382 12804
15383 12804
15384 12804
15385 12804
15386 12804
15388 12804
15389 12804
15390 12804
15391 12804
15392 12804
15393 12804
15394 12804
13347 13348
13348 13347
15397 12804
15398 12804
15399 12804
15400 12804
13353 13376
13353 13377
13353 13415
15402 12804
13355 13376
13355 13377
13355 13415
13355 15701
13355 15704
13355 15705
13356 13376
13356 13377
13356 13415
15405 12804
15406 12804
15407 12804
15408 12804
15411 12804
13365 13408
13365 13414
13365 13479
13365 15525
13365 15782
13365 15783
13365 15784
13365 15785
13365 15786
11318 11639
13371 15187
15421 12804
15422 12804
15423 12804
13376 13353
13376 13355
13376 13356
13376 13378
13376 15712
13376 15714
13376 15854
13376 15865
13377 13353
13377 13355
13377 13356
13377 13378
13377 15708
13377 15709
13377 15710
13377 15711
13377 15712
13377 15714
13377 15715
13377 15857
13377 15865
13377 15866
13377 15867
13377 15868
13378 13376
13378 13377
13378 15705
15431 13109
15432 13109
15433 13109
15434 13109
15435 13109
15436 12927
15437 12927
15438 12927
15439 12927
15440 12927
15441 12927
15442 12927
15443 12927
15444 12927
15445 12927
13400 15106
13400 15108
13400 15110
13400 15111
15449 12927
15450 12927
15451 12927
15452 12927
13405 13408
13405 13413
13405 13479
13405 15525
13405 15782
13405 15783
13405 15784
13405 15785
13405 15786
13406 13420
13406 15342
13407 13420
13408 13365
13408 13405
13408 13466
15457 12927
15458 12927
15459 12927
15460 12927
13413 13405
13413 13421
13413 13465
13413 13466
13413 15014
13414 13365
13414 13446
13414 13465
13414 15014
13415 13353
13415 13355
13415 13356
13415 15710
13415 15712
13415 15713
13415 15715
13415 15716
13415 15857
13415 15869
13415 15870
15464 12927
15465 12927
15466 12927
13419 13366
13419 13422
13419 13480
13419 15522
13419 15523
13420 13366
13420 13406
13420 13407
13420 13422
13420 13447
13420 13480
13420 15522
13420 15523
13420 15835
13421 13413
13421 15525
13421 15782
13421 15783
13421 15784
13421 15785
13421 15786
13422 13419
13422 13420
15471 12927
15472 12927
15473 12927
15474 12927
15475 12927
15476 12927
15477 12927
15478 12927
15481 12927
15482 12927
13440 15613
13440 15614
13440 15617
13440 15618
13440 15619
13440 15620
13440 15621
13440 15622
13440 15623
13440 15624
13440 15625
13440 15626
13440 15627
13440 15628
13440 15629
13440 15740
13440 15741
13440 15742
13440 15743
13440 15744
13440 15745
13440 15746
13440 15747
13440 15748
13440 15749
13440 15751
13440 15752
13440 15753
13440 15754
13440 15755
13440 15756
13440 15757
13440 15758
13440 15759
13440 15760
13440 15761
13440 15762
13440 15763
13446 13414
13446 15782
13446 15783
13446 15784
13446 15785
13446 15786
13447 13420
13447 15521
15496 15495
15497 15495
13465 13413
13465 13414
13465 15525
13465 15782
13465 15783
13465 15784
13465 15785
13465 15786
13466 13408
13466 13413
13466 13479
13466 15525
13466 15782
13466 15783
13466 15784
13466 15785
13466 15786
15521 13447
15522 13419
15522 13420
15523 13419
15523 13420
15525 13365
15525 13405
15525 13421
15525 13465
15525 13466
15525 15014
13479 13365
13479 13405
13479 13466
13480 13419
13480 13420
13480 15337
13481 15169
13481 15182
13481 15184
13481 15186
13481 15189
11438 15654
11438 15655
11020 17230
17612 13170
17613 13170
17613 17312
17626 13170
17626 17314
15909 17213
15909 17214
15598 15750
15599 15679
15599 15680
15599 15681
15599 15682
15599 15683
15599 15684
15599 16105
15599 16106
15599 16107
15599 16108
15599 16109
15599 16112
15599 16113
15599 16114
15599 16118
15599 16120
15599 16121
15599 16122
15599 16123
15599 16124
15599 16125
15599 16126
15599 16127
15599 16222
15600 15679
15600 15680
15600 15681
15600 15683
15600 15684
15600 15689
15600 15739
15600 16105
15600 16106
15600 16107
15600 16108
15600 16112
15600 16113
15600 16114
15600 16115
15600 16116
15600 16118
15600 16120
15600 16121
15600 16122
15600 16123
15600 16125
15600 16127
15600 16222
15601 15683
15601 15684
15601 15689
15601 16105
15601 16107
15601 16118
15601 16121
15601 16122
15601 16127
15602 15683
15602 15689
15602 15690
15602 16105
15602 16127
15604 15690
15604 16123
15604 16127
17098 15840
17098 16815
15613 13440
15614 13440
15617 13440
15618 13440
15619 13440
15620 13440
15621 13440
11526 10274
15623 13440
15624 13440
15625 13440
15626 13440
15627 13440
15628 13440
15629 13440
11773 11755
15644 10153
15654 11438
15655 11438
15664 15687
15664 15688
15673 15677
15673 15678
15673 15685
15673 15687
15674 15685
15674 15687
15675 15687
15676 15687
15676 15688
15677 15673
15678 15673
15679 15599
15679 15600
15680 15599
15680 15600
15680 16138
15681 15599
15681 15600
15681 16138
15682 15599
15683 15599
15683 15600
15683 15601
15683 15602
15684 15599
15684 15600
15684 15601
15684 16138
15685 15673
15685 15674
15685 15768
15687 15664
15687 15673
15687 15674
15687 15675
15687 15676
15687 15768
15688 15664
15688 15676
15689 15600
15689 15601
15689 15602
15690 15602
15690 15604
15701 13355
15701 15708
15701 15709
15701 15710
15701 15711
15701 15712
15701 15857
15701 15869
15701 15943
15704 13355
15704 15708
15705 13355
15705 13378
15705 15708
15705 15709
15705 15714
15708 13377
15708 15701
15708 15704
15708 15705
15709 13377
15709 15701
15709 15705
15710 13377
15710 13415
15710 15701
15711 13377
15711 15701
15712 13376
15712 13377
15712 13415
15712 15701
15713 13415
15714 13376
15714 13377
15714 15705
15715 13377
15715 13415
15716 13415
15719 15853
17768 16452
17768 17771
17769 16452
17769 17771
17770 16452
17770 17771
17771 17768
17771 17769
17771 17770
17771 4697
11639 11318
15739 15600
15740 13440
15741 13440
15742 13440
15743 13440
15744 13440
15745 13440
15746 13440
15747 13440
15748 13440
15749 13440
15750 15598
15751 13440
15752 13440
15753 13440
15754 13440
15755 13440
15756 13440
15757 13440
15758 13440
15759 13440
15760 13440
15761 13440
15762 13440
15763 13440
15768 15685
15768 15687
15779 15791
15779 15792
15779 15793
15779 15794
15779 15795
15779 15796
15782 13365
15782 13405
15782 13421
15782 13446
15782 13465
15782 13466
15782 15014
15783 13365
15783 13405
15783 13421
15783 13446
15783 13465
15783 13466
15783 15014
15784 13365
15784 13405
15784 13421
15784 13446
15784 13465
15784 13466
15784 15014
15785 13365
15785 13405
15785 13421
15785 13446
15785 13465
15785 13466
15785 15014
15786 13365
15786 13405
15786 13421
15786 13446
15786 13465
15786 13466
15791 15779
15792 15779
15793 15779
15794 15779
15795 15779
15796 15779
15529 15528
15461 12927
15808 15818
15808 15819
15808 15820
15808 15824
15808 15825
15808 15828
15808 16087
15808 16097
15808 16098
15810 15818
15810 15819
15810 15820
15810 15824
15810 15825
15810 16087
15810 16097
15810 16098
15814 15820
15814 15828
15815 15825
15815 15837
15816 15826
15816 15827
15818 15808
15818 15810
15819 15808
15819 15810
15820 15808
15820 15810
15820 15814
15820 16144
15821 16096
15824 15808
15824 15810
15824 16089
15824 16090
15824 16093
15824 16089
15825 15808
15825 15810
15825 15815
15825 16094
15826 15816
15826 16144
15827 15816
15827 16144
15828 15808
15828 15814
15835 13420
15835 15342
15837 15815
15837 15887
15840 16837
15840 16838
15840 16839
15840 16840
15840 16841
15840 16859
15840 17098
15840 17099
15840 17100
17508 17005
17508 17510
11755 11773
11755 11783
15853 15719
15854 13376
15855 15864
15857 13377
15857 13415
15857 15701
15859 15117
15860 15864
15861 15864
15863 15864
15864 15855
15864 15860
15864 15861
15864 15863
15865 13376
15865 13377
15866 13377
15867 13377
15868 13377
15869 13415
15869 15701
15870 13415
17509 17507
17509 17005
17509 17510
11783 11755
15887 15837
16643 16580
16643 16582
16985 16974
17510 17508
17510 17005
17510 17509
17101 17097
15907 15117
15908 15117
15622 13440
17671 17674
11823 11846
11823 12439
11823 12444
11824 11846
11824 11863
11824 12439
11824 12441
11824 12445
11528 16210
16990 16974
17673 17672
17674 17671
11846 11823
11846 11824
15943 15701
11863 11824
15987 15117
15987 16422
16900 16904
16900 16905
16900 16906
13071 17787
13071 17788
18133 12927
18134 12927
16087 15808
16087 15810
16087 16088
16087 16089
16087 16090
16087 16091
16087 16092
16087 16093
16087 16095
16087 16088
16087 16089
16087 16090
16087 16091
16087 16092
16087 16093
16087 16095
16088 16087
16088 16087
16089 15824
16089 16087
16089 15824
16089 16087
16089 16097
16089 16097
16090 15824
16090 16087
16090 16087
16090 16097
16090 16097
16091 16087
16091 16087
16092 16087
16092 16087
16092 16097
16092 16098
16092 16097
16092 16098
16093 15824
16093 16087
16093 16087
16093 16097
16093 16097
16094 15825
16094 16098
16094 16098
16095 16087
16095 16087
16096 15821
16096 16099
16096 16100
16097 16089
16097 16090
16097 16092
16097 16093
16097 15808
16097 15810
16097 16089
16097 16090
16097 16092
16097 16093
16098 16092
16098 16094
16098 15808
16098 15810
16098 16092
16098 16094
16099 16096
16100 16096
18150 12927
18151 12927
18152 12927
16105 15599
16105 15600
16105 15601
16105 15602
16106 15599
16106 15600
16107 15599
16107 15600
16107 15601
16108 15599
16108 15600
16108 16138
16109 15599
18158 12927
16112 15599
16112 15600
16113 15599
16113 15600
16114 15599
16114 15600
16115 15600
16116 15600
17449 17448
16118 15599
16118 15600
16118 15601
16118 16138
16120 15599
16120 15600
16120 16138
16121 15599
16121 15600
16121 15601
16122 15599
16122 15600
16122 15601
16123 15599
16123 15600
16123 15604
16124 15599
16124 16138
16125 15599
16125 15600
16126 15599
16126 16138
16127 15599
16127 15600
16127 15601
16127 15602
16127 15604
16134 16844
16135 16844
16135 16867
16136 17216
16138 15680
16138 15681
16138 15684
16138 16108
16138 16118
16138 16120
16138 16124
16138 16126
16138 16222
15404 12804
16144 15820
16144 15826
16144 15827
16145 16146
16145 16148
16145 16149
16145 16195
16146 16145
16148 16145
16149 16145
10017 10025
16347 16329
16347 16333
16347 16335
16347 16336
16347 16340
16347 16341
10020 8924
10025 10017
18218 18219
18218 18220
18218 4697
10027 8924
18220 18218
18220 18219
18221 18219
18222 4697
16428 16425
16769 16968
16769 16969
16769 17224
16195 16145
16203 16206
16204 16207
16205 16207
16206 16203
16207 16204
16207 16205
16207 16515
16210 11528
16210 16211
16211 16210
17039 17034
17039 17040
17039 17041
17039 17042
17039 17043
17039 17044
17039 17045
16222 15599
16222 15600
16222 16138
16357 16279
16357 16320
16357 16322
16357 16365
16357 16369
17045 17039
16279 16354
16279 16355
16279 16356
16279 16357
16279 16359
16281 16354
16281 16358
16282 16355
16283 16354
16284 16355
16284 16370
10153 15644
16308 16309
16309 16308
16309 16312
16309 16313
16309 16314
16311 16314
16312 16309
16313 16309
16314 16309
16314 16311
16318 16319
16319 16318
16319 16817
16319 16818
16319 16819
16320 16354
16320 16355
16320 16356
16320 16357
16320 16359
16321 16354
16321 16358
16322 16354
16322 16355
16322 16356
16322 16357
16322 16359
8134 8155
16328 16345
16328 16351
16328 16352
16328 16496
16329 16347
16329 16348
16329 16352
16330 16344
16331 16343
16331 16351
16332 16343
16332 16344
16332 16497
16332 16620
16333 16347
16333 16348
16333 16352
16334 16348
16334 16352
16335 16346
16335 16347
16335 16352
16336 16347
16336 16350
16336 16352
16340 16347
16340 16352
16341 16347
16341 16349
16341 16350
16341 16352
16341 16496
16343 16331
16343 16332
16344 16330
16344 16332
16345 16328
16346 16335
8155 8134
16348 16329
16348 16333
16348 16334
16349 16341
16350 16336
16350 16341
16351 16328
16351 16331
16352 16328
16352 16329
16352 16333
16352 16334
16352 16335
16352 16336
16352 16340
16352 16341
16354 16279
16354 16281
16354 16283
16354 16320
16354 16321
16354 16322
16355 16279
16355 16282
16355 16284
16355 16320
16355 16322
16355 16365
16356 16279
16356 16320
16356 16322
16356 16365
15014 13413
15014 13414
15014 15525
15014 15782
15014 15783
15014 15784
15014 15785
16358 16281
16358 16321
16359 16279
16359 16320
16359 16322
15015 13173
16365 16355
16365 16356
16365 16357
16368 15117
16369 16357
16370 16284
16371 16469
10230 10286
10232 10284
